Projections	Frames	Exposure(ms)
512	1	354.00
Projection	Angle(deg)	Time(s)
1	000.5613	  3.8937669000000001
2	001.2693	  4.2478537999999997
3	001.9617	  4.6018160000000004
4	002.6765	  4.9558464999999998
5	003.3843	  5.3098450000000001
6	004.0767	  5.6638887999999996
7	004.7852	           6.0179342
8	005.4771	  6.3719552999999998
9	006.1921	  6.7259213999999998
10	006.8774	  7.0799485999999998
11	007.5928	  7.4340212000000001
12	008.3008	           7.7879806
13	008.9927	  8.1419688000000008
14	009.7078	  8.4960056999999995
15	010.4163	  8.8500528000000003
16	011.1079	  9.2040594999999996
17	011.8164	  9.5581110999999996
18	012.5085	  9.9120200999999994
19	013.2234	          10.2660953
20	013.9316	          10.6201528
21	014.6238	  10.974105099999999
22	015.3320	          11.3281817
23	016.0239	  11.682137300000001
24	016.7388	  12.036208500000001
25	017.4475	          12.3902225
26	018.1394	          12.7442045
27	018.8477	  13.098300999999999
28	019.5396	          13.4522846
29	020.2546	          13.8063492
30	020.9629	  14.160307599999999
31	021.6548	  14.514290799999999
32	022.3701	  14.868372900000001
33	023.0552	  15.222326600000001
34	023.7705	  15.576367299999999
35	024.4788	  15.930384399999999
36	025.1704	          16.2843746
37	025.8857	  16.638398899999999
38	026.5710	  16.992370000000001
39	027.2856	  17.346480400000001
40	027.9944	  17.700533799999999
41	028.6863	  18.054432599999998
42	029.4014	  18.408456999999999
43	030.0864	          18.7625113
44	030.8015	  19.116569299999998
45	031.5100	  19.470524900000001
46	032.2019	  19.824642099999998
47	032.9168	  20.178556100000002
48	033.6021	  20.532596600000002
49	034.3171	           20.886682
50	035.0254	  21.240704000000001
51	035.7175	          21.5947155
52	036.4326	  21.948792900000001
53	037.1177	  22.302664400000001
54	037.8328	  22.656762499999999
55	038.5413	  23.010694900000001
56	039.2329	          23.3647065
57	039.9480	          23.7186907
58	040.6333	  24.072857800000001
59	041.3481	  24.426795599999998
60	042.0566	  24.780720500000001
61	042.7488	  25.134738899999999
62	043.4639	  25.488818500000001
63	044.1489	          25.8428091
64	044.8640	  26.196905300000001
65	045.5725	  26.550880299999999
66	046.2644	  26.904904500000001
67	046.9795	          27.2588957
68	047.6646	  27.612909699999999
69	048.3796	  27.967036799999999
70	049.0881	  28.320976600000002
71	049.7803	  28.674971299999999
72	050.4946	  29.028981999999999
73	051.1802	          29.3829861
74	051.8953	  29.737058000000001
75	052.6035	  30.090948099999999
76	053.2954	          30.4450474
77	054.0107	  30.799097799999998
78	054.6958	  31.153170299999999
79	055.4109	           31.507106
80	056.1191	  31.861066600000001
81	056.8113	  32.215157300000001
82	057.5264	  32.569112199999999
83	058.2112	  32.923095099999998
84	058.9265	  33.277229599999998
85	059.6357	  33.631223200000001
86	060.3267	  33.985213199999997
87	061.0420	          34.3392397
88	061.7273	  34.693268600000003
89	062.4419	  35.047264599999998
90	063.1509	  35.401300499999998
91	063.8423	  35.755238400000003
92	064.5571	          36.1092668
93	065.2427	  36.463353400000003
94	065.9578	  36.817329000000001
95	066.6668	  37.171444399999999
96	067.3579	  37.525305099999997
97	068.0728	  37.879499899999999
98	068.7583	          38.2334283
99	069.4731	  38.587451999999999
100	070.1826	  38.941472599999997
101	070.8738	          39.2954376
102	071.5889	  39.649551299999999
103	072.2742	  40.003526200000003
104	072.9890	  40.357500299999998
105	073.6982	  40.711467800000001
106	074.3892	  41.065541799999998
107	075.1043	          41.4196101
108	075.7896	  41.773715199999998
109	076.5046	          42.1275458
110	077.2139	  42.481711300000001
111	077.9048	  42.835641199999998
112	078.6196	          43.1896694
113	079.3049	  43.543632100000004
114	080.0200	  43.897770800000004
115	080.7295	  44.251633400000003
116	081.4202	  44.605785500000003
117	082.1355	  44.959782199999999
118	082.8210	  45.313812499999997
119	083.5356	  45.667791899999997
120	084.2451	  46.021826900000001
121	084.9363	  46.375870900000002
122	085.6514	  46.729877399999999
123	086.3362	  47.083869999999997
124	087.0513	  47.437783699999997
125	087.7605	  47.791900099999999
126	088.4517	  48.145859700000003
127	089.1668	  48.499910800000002
128	089.8518	  48.853921399999997
129	090.5669	  49.208023099999998
130	091.2764	  49.561949900000002
131	091.9673	  49.915955599999997
132	092.6821	  50.269941299999999
133	093.3916	  50.623994799999998
134	094.0828	  50.978059299999998
135	094.7918	  51.331995200000001
136	095.4827	  51.686027600000003
137	096.1982	  52.040171899999997
138	096.9070	  52.394105000000003
139	097.5981	  52.748088799999998
140	098.3135	          53.1021067
141	098.9985	  53.456123499999997
142	099.7134	  53.810219799999999
143	100.3987	  54.164073199999997
144	101.1140	  54.518187599999997
145	101.8291	  54.872168500000001
146	102.5142	  55.226210299999998
147	103.2292	          55.5802573
148	103.9380	  55.934251000000003
149	104.6294	  56.288223600000002
150	105.3445	  56.642280999999997
151	106.0298	          56.9962673
152	106.7451	  57.350346799999997
153	107.4541	  57.704278799999997
154	108.1453	  58.058335700000001
155	108.8604	  58.412318900000002
156	109.5454	  58.766423500000002
157	110.2605	  59.120389199999998
158	110.9695	  59.474487699999997
159	111.6606	  59.828384200000002
160	112.3757	          60.1824674
161	113.0613	  60.536454499999998
162	113.7764	          60.8904712
163	114.4858	  61.244472000000002
164	115.1763	  61.598452899999998
165	115.8914	  61.952523200000002
166	116.5764	  62.306617699999997
167	117.2915	  62.660666200000001
168	118.0015	  63.014618800000001
169	118.6919	  63.368572399999998
170	119.4072	          63.7226462
171	120.0923	  64.076614599999999
172	120.8071	  64.430667200000002
173	121.5171	  64.784591800000001
174	122.2075	  65.138689999999997
175	122.9226	  65.492657500000007
176	123.6077	  65.846627600000005
177	124.3230	  66.200816599999996
178	125.0327	  66.554761499999998
179	125.7231	  66.908846499999996
180	126.4382	  67.262763899999996
181	127.1235	  67.616761199999999
182	127.8384	  67.970732400000003
183	128.5486	  68.324883499999999
184	129.2388	  68.678817800000004
185	129.9541	  69.032870299999999
186	130.6392	  69.386888099999993
187	131.3540	  69.740934999999993
188	132.0637	  70.094825499999999
189	132.7544	  70.448910900000001
190	133.4695	  70.802876699999999
191	134.1545	  71.156931999999998
192	134.8696	  71.511071400000006
193	135.5796	  71.864989499999993
194	136.2703	  72.218986000000001
195	136.9854	  72.573035399999995
196	137.6704	  72.927027499999994
197	138.3853	  73.281042099999993
198	139.0950	  73.634995900000007
199	139.7856	  73.989091700000003
200	140.5007	  74.343184300000004
201	141.1858	  74.697084099999998
202	141.9014	  75.051145199999993
203	142.6106	  75.405193499999996
204	143.3013	  75.759182600000003
205	144.0166	  76.113260299999993
206	144.7017	  76.467221899999998
207	145.4165	  76.821251799999999
208	146.1262	  77.175191999999996
209	146.8169	  77.529314099999993
210	147.5320	  77.883261200000007
211	148.2173	  78.237303400000002
212	148.9321	  78.591324400000005
213	149.6421	  78.945309399999999
214	150.3328	  79.299263100000005
215	151.0479	  79.653348300000005
216	151.7329	  80.007385499999998
217	152.4478	  80.361400700000004
218	153.1575	  80.715453999999994
219	153.8479	  81.069424100000006
220	154.5632	  81.423453499999994
221	155.2485	  81.777421399999994
222	155.9639	  82.131469100000004
223	156.6733	  82.485477299999999
224	157.3640	  82.839526800000002
225	158.0791	  83.193614999999994
226	158.7639	  83.547519899999998
227	159.4790	  83.901563600000003
228	160.1890	  84.255627200000006
229	160.8794	  84.609598199999994
230	161.5947	          84.9635885
231	162.2798	  85.317608800000002
232	162.9946	  85.671650799999995
233	163.7043	  86.025662499999996
234	164.3950	  86.379784900000004
235	165.1099	  86.733721500000001
236	165.7952	          87.0877196
237	166.5105	  87.441771299999999
238	167.2200	  87.795754000000002
239	167.9106	  88.149804099999997
240	168.6257	  88.503794200000002
241	169.3110	          88.8578227
242	170.0256	  89.211813199999995
243	170.7366	  89.565822400000002
244	171.4263	  89.919952100000003
245	172.1416	  90.273881500000002
246	172.8267	  90.627967999999996
247	173.5417	  90.981871299999995
248	174.2568	  91.335883600000003
249	174.9419	  91.689931099999995
250	175.6570	  92.043948099999994
251	176.3420	  92.397945300000003
252	177.0569	  92.752011300000007
253	177.7722	  93.106092500000003
254	178.4575	  93.459990000000005
255	179.1726	  93.814085199999994
256	179.8577	          94.1679934
257	180.5728	  94.522050699999994
258	181.2878	  94.876134300000004
259	181.9729	  95.230008299999994
260	182.6882	  95.584080099999994
261	183.3735	  95.938145300000002
262	184.0884	  96.292119299999996
263	184.8035	  96.646142699999999
264	185.4888	  97.000175499999997
265	186.2041	  97.354234199999993
266	186.9143	  97.708289800000003
267	187.6040	  98.062357399999996
268	188.3196	  98.416269400000004
269	189.0042	  98.770277199999995
270	189.7195	  99.124217599999994
271	190.4050	  99.478265399999998
272	191.1196	  99.832377300000005
273	191.8347	  100.18632580000001
274	192.5193	         100.5403544
275	193.2341	  100.89441410000001
276	193.9456	         101.2483295
277	194.6348	         101.6023363
278	195.3499	         101.9564207
279	196.0356	  102.31035180000001
280	196.7502	         102.6645542
281	197.4612	  103.01843359999999
282	198.1501	         103.3724239
283	198.8655	         103.7264907
284	199.5505	          104.080516
285	200.2659	         104.4344919
286	200.9768	         104.7885411
287	201.6660	  105.14253530000001
288	202.3811	         105.4965959
289	203.0662	  105.85060970000001
290	203.7815	          106.204533
291	204.4922	  106.55858240000001
292	205.1814	  106.91260699999999
293	205.8965	  107.26669769999999
294	206.5815	         107.6206054
295	207.2964	  107.97470920000001
296	208.0081	         108.3287041
297	208.6970	  108.68272450000001
298	209.4124	  109.03678619999999
299	210.0974	  109.39075219999999
300	210.8125	  109.74470150000001
301	211.5234	         110.0989814
302	212.2126	         110.4528914
303	212.9277	  110.80679480000001
304	213.6133	  111.16088139999999
305	214.3284	         111.5149198
306	215.0393	         111.8688854
307	215.7285	         112.2228819
308	216.4436	  112.57693879999999
309	217.1287	         112.9308506
310	217.8438	         113.2849105
311	218.5547	         113.6389444
312	219.2439	         113.9929745
313	219.9590	  114.34696700000001
314	220.6440	         114.7010353
315	221.3596	         115.0551105
316	222.0706	  115.40902490000001
317	222.7598	         115.7630793
318	223.4746	         116.1170884
319	224.1597	         116.4710699
320	224.8750	         116.8252107
321	225.5869	         117.1791566
322	226.2751	         117.5331559
323	226.9902	  117.88724430000001
324	227.6755	         118.2411936
325	228.3904	         118.5952145
326	229.1021	          118.949253
327	229.7908	  119.30323540000001
328	230.5061	         119.6572379
329	231.1909	          120.011308
330	231.9060	         120.3652264
331	232.6177	  120.71941169999999
332	233.3064	  121.07343969999999
333	234.0215	         121.4273376
334	234.7065	  121.78140260000001
335	235.4216	  122.13531450000001
336	236.1335	  122.48935760000001
337	236.8220	         122.8434065
338	237.5371	  123.19741380000001
339	238.2224	  123.55150860000001
340	238.9375	         123.9054481
341	239.6489	         124.2594069
342	240.3376	         124.6135214
343	241.0525	         124.9674765
344	241.7380	  125.32161189999999
345	242.4526	         125.6755051
346	243.1646	         126.0294684
347	243.8535	         126.3836464
348	244.5684	         126.7375938
349	245.2537	         127.0916414
350	245.9688	  127.44552779999999
351	246.6838	  127.79966159999999
352	247.3689	  128.15363400000001
353	248.0840	         128.5076602
354	248.7693	  128.86167409999999
355	249.4839	  129.21574200000001
356	250.1992	         129.5697227
357	250.8848	  129.92372320000001
358	251.5999	         130.2778113
359	252.2847	         130.6317195
360	253.0000	  130.98577130000001
361	253.7151	  131.33977379999999
362	254.3999	  131.69378620000001
363	255.1152	  132.04787099999999
364	255.8005	  132.40184379999999
365	256.5154	         132.7558392
366	257.2305	  133.10995869999999
367	257.9160	  133.46381210000001
368	258.6309	  133.81795049999999
369	259.3162	  134.17199350000001
370	260.0310	  134.52588209999999
371	260.7463	  134.87996810000001
372	261.4312	  135.23396980000001
373	262.1465	         135.5880879
374	262.8318	  135.94209280000001
375	263.5466	           136.29602
376	264.2620	  136.65003999999999
377	264.9470	  137.00415380000001
378	265.6621	  137.35812770000001
379	266.3472	         137.7121616
380	267.0623	  138.06613609999999
381	267.7776	         138.4201363
382	268.4624	  138.77410230000001
383	269.1775	  139.12813059999999
384	269.8630	  139.48221179999999
385	270.5779	  139.83622779999999
386	271.2930	  140.19021849999999
387	271.9783	  140.54417549999999
388	272.6934	         140.8982451
389	273.4050	  141.25227039999999
390	274.0935	  141.60624569999999
391	274.8086	         141.9602352
392	275.4937	         142.3142666
393	276.2090	         142.6683161
394	276.9207	  143.02242949999999
395	277.6091	  143.37640390000001
396	278.3245	  143.73036579999999
397	279.0095	         144.0843357
398	279.7249	         144.4384671
399	280.4099	  144.79242719999999
400	281.1248	  145.14649460000001
401	281.8401	  145.50046570000001
402	282.5249	  145.85441979999999
403	283.2400	  146.20850369999999
404	283.9524	  146.56248239999999
405	284.6404	  146.91657979999999
406	285.3552	  147.27054219999999
407	286.0408	         147.6244796
408	286.7559	         147.9786896
409	287.4683	  148.33260039999999
410	288.1560	         148.6867124
411	288.8711	  149.04065800000001
412	289.5562	  149.39463789999999
413	290.2715	  149.74866969999999
414	290.9836	         150.1026837
415	291.6716	         150.4566782
416	292.3867	  150.81074100000001
417	293.0718	  151.16484560000001
418	293.7871	          151.518742
419	294.4995	         151.8727777
420	295.1873	  152.22677289999999
421	295.9026	         152.5807112
422	296.5876	  152.93477730000001
423	297.3025	         153.2888528
424	298.0149	         153.6428319
425	298.7029	  153.99686270000001
426	299.4180	  154.35088590000001
427	300.1033	  154.70496080000001
428	300.8186	  155.05893230000001
429	301.5305	  155.41290910000001
430	302.2185	  155.76694900000001
431	302.9336	         156.1208847
432	303.6189	         156.4749171
433	304.3340	  156.82907499999999
434	305.0459	  157.18302990000001
435	305.7341	         157.5370441
436	306.4492	         157.8910377
437	307.1343	         158.2451293
438	307.8496	          158.599118
439	308.5620	  158.95314379999999
440	309.2495	  159.30714660000001
441	309.9651	  159.66110810000001
442	310.6499	  160.01515979999999
443	311.3650	  160.36919420000001
444	312.0774	  160.72318250000001
445	312.7651	         161.0771776
446	313.4800	         161.4312582
447	314.1658	         161.7852455
448	314.8809	  162.13923579999999
449	315.5933	  162.49334089999999
450	316.2810	         162.8473357
451	316.9961	  163.20130259999999
452	317.6812	  163.55541779999999
453	318.3965	         163.9093412
454	319.1084	         164.2633372
455	319.7966	  164.61739080000001
456	320.5117	  164.97137599999999
457	321.1970	  165.32538629999999
458	321.9121	  165.67945230000001
459	322.6270	          166.033478
460	323.3123	         166.3873911
461	324.0273	         166.7414699
462	324.7124	         167.0955366
463	325.4275	  167.44945799999999
464	326.1399	         167.8034567
465	326.8279	  168.15745849999999
466	327.5430	  168.51148800000001
467	328.2283	  168.86564920000001
468	328.9434	         169.2195203
469	329.6582	         169.5736891
470	330.3435	  169.92769530000001
471	331.0586	  170.28163609999999
472	331.7439	  170.63572880000001
473	332.4587	         170.9896569
474	333.1738	         171.3436011
475	333.8591	         171.6978368
476	334.5740	  172.05173690000001
477	335.2590	         172.4058512
478	335.9746	  172.75966030000001
479	336.6895	  173.11379980000001
480	337.3748	  173.46777979999999
481	338.0898	  173.82183459999999
482	338.7751	  174.17576980000001
483	339.4900	         174.5298319
484	340.2051	         174.8838494
485	340.8901	          175.237968
486	341.6055	         175.5919255
487	342.2908	  175.94591800000001
488	343.0059	  176.29993039999999
489	343.7207	         176.6539373
490	344.4060	  177.00792630000001
491	345.1211	  177.36188079999999
492	345.8064	         177.7159814
493	346.5210	  178.07010500000001
494	347.2363	  178.42402939999999
495	347.9214	         178.7781071
496	348.6367	         179.1320187
497	349.3218	  179.48603969999999
498	350.0371	          179.840056
499	350.7517	  180.19407369999999
500	351.4373	  180.54810900000001
501	352.1523	  180.90213660000001
502	352.8374	         181.2561551
503	353.5525	  181.61024800000001
504	354.2676	  181.96418420000001
505	354.9526	  182.31827129999999
506	355.6677	  182.67220699999999
507	356.3530	  183.02632879999999
508	357.0681	         183.3802311
509	357.7832	  183.73425760000001
510	358.4685	  184.08826819999999
511	359.1838	         184.4422854
512	359.8967	  184.79635669999999
513	360.5835	          185.150341
